chain_groups components_vb vb_perp vb_ess components_vb2 vb2_perp vb2_ess N_importance_to_adapt

1 4 0.840974694398 0.589934349328 4 0.863596009147 0.702631961938 6000
1 4 0.854671764494 0.601959564308 4 0.874536447196 0.759008826209 6000
1 4 0.836733947523 0.680769686796 4 0.857202083944 0.668381058396 6000
1 4 0.843504578651 0.683345988586 4 0.849877446334 0.633139624401 6000
1 4 0.857164885874 0.600541081419 4 0.870465615067 0.691498492028 6000
1 4 0.831305429741 0.606222502368 4 0.858668503137 0.741088430416 6000
1 5 0.872891785448 0.705069084243 5 0.889763823481 0.708698046557 6000
1 5 0.860392813812 0.505923047123 5 0.886000989518 0.729291997165 6000
1 4 0.805024766549 0.616658329326 4 0.823283620978 0.606097961694 6000
1 5 0.881289619939 0.687882640391 5 0.894238395339 0.719286635889 6000
1 4 0.82668617668 0.678747401192 4 0.841248895096 0.650265526511 6000
1 4 0.84288398835 0.627452100568 4 0.826643564269 0.476219906931 6000
1 4 0.852441790091 0.711227620626 4 0.858610737357 0.605309943936 6000
1 5 0.853830596036 0.249273646681 5 0.893289617501 0.64511527035 6000
1 5 0.880589544385 0.75553873328 5 0.895850994391 0.683482764571 6000
1 4 0.847793532004 0.55499045761 4 0.845053221781 0.692394289205 6000
1 5 0.880958421991 0.755234624816 5 0.896308062426 0.686167425129 6000
1 4 0.849418637617 0.70730522349 4 0.861153981583 0.660399076525 6000
1 4 0.842634094532 0.452958379304 4 0.865457445046 0.696564923012 6000
1 5 0.878527857037 0.719072320649 5 0.89400813496 0.737049588643 6000
1 4 0.832083249574 0.685533013871 4 0.856027170324 0.720494584692 6000
1 5 0.877120179268 0.707528403233 5 0.884693382519 0.683126659306 6000
1 5 0.883092775881 0.726564228107 5 0.85237469983 0.102295412575 6000
1 4 0.852915328305 0.548019854373 4 0.86561903937 0.524707548185 6000
1 5 0.880674059365 0.68656757975 5 0.882604112819 0.528654595466 6000
1 5 0.872667716573 0.683582300788 5 0.891932452353 0.729492822943 6000
1 5 0.877409755377 0.729715391 5 0.884389622388 0.70250471971 6000
1 5 0.868491932908 0.6069885219 5 0.883558283789 0.685969321598 6000
1 4 0.829430382415 0.634789087072 4 0.850695993947 0.726409669254 6000
1 5 0.880030629175 0.706360252498 5 0.895199899924 0.696404615192 6000
1 5 0.860879654729 0.637746381797 5 0.857326081756 0.462004569295 6000
1 5 0.866161231651 0.666192415675 5 0.87970771671 0.737582463167 6000
1 5 0.868994724904 0.526461578253 5 0.877598888388 0.742425665027 6000
1 5 0.876471325743 0.611579999613 5 0.895469928355 0.720137010397 6000
1 4 0.858137871683 0.55591765134 4 0.876897336138 0.603219667709 6000
1 4 0.804562358098 0.140142884361 4 0.850629113043 0.711722574453 6000
1 4 0.836910815229 0.67878252034 4 0.858311392391 0.739043369217 6000
1 4 0.786572078961 0.0632206476353 4 0.68364098592 0.421249796306 6000
1 5 0.867314174722 0.676166991903 5 0.889504015189 0.757394447931 6000
1 5 0.883685324104 0.67503217555 5 0.796168707036 0.024844920494 6000
1 5 0.880174111136 0.720501486386 5 0.901630292678 0.800583162321 6000
1 5 0.865893960344 0.591360595141 5 0.893434381231 0.768367729761 6000
1 4 0.780603070639 0.0791893835008 4 0.845973887268 0.657280164042 6000
1 4 0.845793907488 0.406287894949 4 0.777008408259 0.0338728147798 6000
1 5 0.888548440961 0.589397624955 5 0.899072468599 0.469310217326 6000
1 5 0.881122886728 0.685993602851 5 0.897401739722 0.734391650956 6000
1 5 0.880699942215 0.741958961253 5 0.902115272044 0.794262503147 6000
1 4 0.852846064978 0.69256621527 4 0.870721170434 0.707696182194 6000
1 5 0.863774594445 0.656032098731 5 0.881538370104 0.73232441505 6000
1 4 0.590829292093 0.00566024455116 4 0.870106582914 0.542670223086 6000
1 4 0.84656274773 0.60170515277 4 0.849256085628 0.234563653249 6000
1 4 0.844358218748 0.478417125443 4 0.871321247635 0.742495756979 6000
1 5 0.888730167623 0.779695907777 5 0.905439075314 0.808696137229 6000
1 5 0.17200508702 0.000287399511803 5 0.909610542919 0.800346878454 6000
1 5 0.895918011204 0.771854136347 5 0.90585926607 0.643475512179 6000
1 5 0.844230527158 0.220100097401 5 0.882955372793 0.417517187131 6000
1 5 0.851694672544 0.518939041369 5 0.88102587355 0.734002844409 6000
1 5 0.882648474118 0.722527264951 5 0.860603989669 0.168211054678 6000
1 5 0.863329179531 0.710050690384 5 0.876972246028 0.695609403534 6000
1 5 0.879418871143 0.754398583305 5 0.898939191586 0.759006468018 6000
1 4 0.842082921303 0.636947173412 4 0.868860515541 0.740124960822 6000
1 5 0.875150529527 0.714190514592 5 0.869473241564 0.279668581748 6000
1 5 0.890876975572 0.724728337432 5 0.906771682679 0.797955845842 6000
1 4 0.851857403411 0.656970939623 4 0.870474600429 0.720694279107 6000
1 5 0.871021060881 0.579949895461 5 0.881390089354 0.582724936976 6000
1 5 0.875709407791 0.732700398226 5 0.894779062373 0.773900882895 6000
1 4 0.812429117391 0.443839745565 4 0.833855261397 0.673539060619 6000
1 5 0.868632172473 0.722497151237 5 0.885002427492 0.741583665709 6000
1 4 0.860695429303 0.719912866868 4 0.861611636845 0.574188878726 6000
1 4 0.80506348707 0.559583507945 4 0.83124037315 0.677615922281 6000
1 4 0.780761748052 0.0571226816014 4 0.866159412883 0.635729168867 6000
1 4 0.855567261077 0.726001771463 4 0.875334481496 0.754945359043 6000
1 4 0.827355744711 0.629007695683 4 0.843299802098 0.633248914169 6000
1 4 0.864121927713 0.717977123733 4 0.868768984975 0.525577031949 6000
1 4 0.871035661104 0.736599085439 4 0.884377296411 0.693718370414 6000
1 4 0.852440277342 0.72047532916 4 0.866755658987 0.727643079887 6000
1 5 0.866650746557 0.527380708581 5 0.889162215751 0.649133966895 6000
1 5 0.873044403209 0.711222038535 5 0.889160744757 0.759279080893 6000
1 4 0.838000449419 0.634018892333 4 0.854869098218 0.681268162259 6000
1 4 0.811297933489 0.20432351895 4 0.836293967694 0.217452334666 6000
1 5 0.88299938273 0.609946168157 5 0.892372308854 0.424705720262 6000
1 4 0.83560315882 0.638719441115 4 0.846408365928 0.688228267876 6000
1 4 0.859580790871 0.68220182476 4 0.872507098267 0.63740583054 6000
1 4 0.850341305018 0.688069993464 4 0.870607605393 0.766240167804 6000
1 4 0.831747042996 0.318493239192 4 0.866499893198 0.736481063058 6000
1 4 0.841925462994 0.632681605088 4 0.867496233271 0.720842866791 6000
1 4 0.82708806442 0.571997903222 4 0.855120681991 0.711734155043 6000
1 5 0.868749687652 0.440402252356 5 0.879443680915 0.49559160726 6000
1 5 0.896649091564 0.787692998586 5 0.910862479084 0.801602100069 6000
1 5 0.8557470866 0.539271901805 5 0.889785373001 0.741349059126 6000
1 4 0.847445868821 0.471605187494 4 0.853857947291 0.430665175582 6000
1 4 0.852965479106 0.699148382032 4 0.828253968664 0.24302428234 6000
1 4 0.858866077163 0.670511562045 4 0.867132438172 0.446371764015 6000
1 4 0.842982357487 0.697520311904 4 0.853709218417 0.496042909724 6000
1 5 0.878842163258 0.615967435014 5 0.83442440615 0.0711917172508 6000
1 5 0.859282702907 0.180129629465 5 0.903280490725 0.739176837341 6000
1 5 0.858977110297 0.148081573897 5 0.901623961612 0.468045712606 6000
1 4 0.85287080608 0.681014478589 4 0.867173159898 0.483587639113 6000
1 4 0.851152643201 0.660474786103 4 0.873939839344 0.734249377995 6000
1 4 0.856282594637 0.669801789335 4 0.756331863637 0.020726036562 6000