chain_groups components_hc hc_perp hc_ess final_number_of_components last_perp last_ess N_importance_to_adapt

2 30 0.513076351976 0.302041896072 30 0.511383215827 0.30478374044 36000
2 30 0.516696646414 0.331437293151 30 0.508812886171 0.292366348479 36000
2 30 0.515253532601 0.332690729878 30 0.515181500741 0.327344247054 36000
2 30 0.506527835771 0.309535018335 30 0.508746157957 0.309267883309 36000
2 30 0.268822782028 0.0497733422716 30 0.49539619545 0.271140432778 72000
2 30 0.47451199249 0.25425574979 30 0.51201367422 0.317691510691 54000
2 30 0.526680156708 0.346455046765 30 0.507010124456 0.314958569267 36000
2 30 0.475679759945 0.255631436245 30 0.503172574343 0.291766185371 36000
2 30 0.505465521101 0.313111386597 30 0.506052069422 0.316819207304 36000
2 30 0.524559540916 0.338713083435 30 0.50980557862 0.297024538904 36000
2 30 0.500620897419 0.303504206659 30 0.496923364625 0.296884634065 36000
2 30 0.479347445945 0.277492859227 30 0.509611706953 0.2911821052 54000
2 30 0.516681483061 0.326243803874 30 0.517821159949 0.321724717464 36000
2 30 0.476525295693 0.28009745834 30 0.496090499897 0.279748763812 36000
2 30 0.395400648849 0.112301020549 30 0.508539469401 0.297324855639 72000
2 30 0.514609395278 0.330025937537 30 0.507487120514 0.30477093124 36000
2 30 0.411426345235 0.197880382181 30 0.507457640883 0.312547271929 54000
2 30 0.403409019145 0.18265451604 30 0.516709245842 0.320728029203 72000
2 30 0.518594095502 0.334604165673 30 0.512052965044 0.30431454539 36000
2 30 0.52496929653 0.34206330593 30 0.50809389034 0.312859434801 36000
2 30 0.405514376202 0.184589862163 30 0.504542291733 0.274056672903 54000
2 30 0.524943247284 0.330842413717 30 0.521455011809 0.324660658018 36000
2 30 0.520367540766 0.322986445174 30 0.508423036537 0.304966626764 36000
2 30 0.525047201809 0.343221847854 30 0.516755777193 0.320736258751 36000
2 30 0.467483803894 0.26081960277 30 0.511543854324 0.305875202059 54000
2 30 0.479760709386 0.278421976829 30 0.50319475558 0.284880894944 36000
2 30 0.526198467431 0.346073081539 30 0.510099720945 0.292388100124 36000
2 30 0.519300652367 0.326302714694 30 0.512369148794 0.319710862427 36000
2 30 0.519423537825 0.33502362874 30 0.51207343717 0.308991334361 36000
2 30 0.519641278875 0.339822709878 30 0.50740761492 0.297903767323 36000
2 30 0.512224028852 0.329789680549 30 0.511465385639 0.316627814981 36000
2 30 0.508889435457 0.311642713147 30 0.517163967563 0.3169762909 36000
2 30 0.526292358891 0.339741543958 30 0.512817736772 0.316049663147 36000
2 30 0.41447171959 0.206878243793 30 0.525852784454 0.314197270948 90000
2 30 0.519179788239 0.33318155841 30 0.51263214586 0.321781920065 36000
2 30 0.474180465809 0.265668484239 30 0.504399287438 0.304425326616 36000
2 30 0.399200638852 0.16525696944 30 0.493611970663 0.272998750987 54000
2 30 0.508060528119 0.325481798814 30 0.502119097681 0.306491448501 36000
2 30 0.517777477407 0.333211058227 30 0.506745715417 0.280251335908 36000
2 30 0.520628522111 0.331679685622 30 0.506261473688 0.311185267255 36000
2 30 0.512002740649 0.322664876322 30 0.506781207749 0.304945758199 36000
2 30 0.514269125962 0.320788121375 30 0.512844995939 0.319126455975 36000
2 30 0.508243171145 0.321410164272 30 0.501650604505 0.306711124902 36000
2 30 0.510586592748 0.306325715807 30 0.509063347642 0.23636316714 36000
2 30 0.516141268845 0.330529790011 30 0.518731175312 0.321849487345 36000
2 30 0.40468319112 0.180061726562 30 0.515873623244 0.303949930732 72000
2 30 0.407369043905 0.188468334888 30 0.512792259122 0.303710933571 72000
2 30 0.520921151745 0.331026225878 30 0.515242566235 0.314746579602 36000
2 30 0.5288906052 0.34612743391 30 0.5234309508 0.320301583152 36000
2 30 0.526772648567 0.330300577891 30 0.521967258892 0.330249066009 36000
2 30 0.51993763047 0.334217934301 30 0.51731964702 0.320172464664 36000
2 30 0.507911515846 0.311046968506 30 0.501630561278 0.295966629111 36000
2 30 0.532492796299 0.351843653793 30 0.522299719823 0.33331622614 36000
2 30 0.41194624947 0.199700422617 30 0.526377055511 0.335635254841 72000
2 30 0.521477409363 0.338657468249 30 0.516027437811 0.314057854448 36000
2 30 0.481171777176 0.276020835116 30 0.518641266395 0.323014011 54000
2 30 0.511342775978 0.325784708832 30 0.510532080761 0.320194624357 36000
2 30 0.289570757986 0.0734105962179 30 0.499944732544 0.258667941247 90000
2 30 0.47263030707 0.274232657936 30 0.496664980262 0.288230781702 36000
2 30 0.277504639908 0.0482803578343 30 0.505205368089 0.290198473426 90000
2 30 0.514027173219 0.32921234327 30 0.51264010908 0.312793460882 36000
2 30 0.523322910081 0.325730013722 30 0.509063009226 0.306100375624 36000
2 30 0.472758917559 0.263662226269 30 0.490221494361 0.271358742558 36000
2 30 0.477865993166 0.276967152927 30 0.516177211105 0.287287827918 72000
2 30 0.509069204073 0.318355129114 30 0.499553601773 0.280857910584 36000
2 30 0.528310819527 0.35027503431 30 0.511167870774 0.326125749736 36000
2 30 0.472721004068 0.26387920512 30 0.50456177717 0.300547797612 36000
2 30 0.506489649413 0.299272185856 30 0.513463944452 0.30859033018 36000
2 30 0.510120448092 0.320218145859 30 0.4951573564 0.300410662348 36000
2 30 0.47255024547 0.259411910537 30 0.510423742253 0.314025907878 54000
2 30 0.508469575748 0.317231072563 30 0.501912048203 0.304808951001 36000
2 30 0.51408699285 0.332635315929 30 0.513173173968 0.312807882033 36000
2 30 0.521624330374 0.309214552533 30 0.512873763107 0.31191461271 36000
2 30 0.467870459451 0.251855453019 30 0.511132038343 0.282902167066 54000
2 30 0.474368454385 0.250789327664 30 0.51995831638 0.297780818054 54000
2 30 0.510758542535 0.327198329771 30 0.499928314137 0.290273188785 36000
2 30 0.507851901274 0.31547266732 30 0.49977337392 0.295336345422 36000
2 30 0.517413758813 0.329222126648 30 0.514056788971 0.317000507128 36000
2 30 0.525176963728 0.341978803772 30 0.507268472447 0.298692553436 36000
2 30 0.470942739418 0.254715508546 30 0.493868734644 0.287675356959 36000
2 30 0.528810859546 0.353524896553 30 0.513051351997 0.303556663184 36000
2 30 0.525875150873 0.348095317693 30 0.518511305536 0.321005899375 36000
2 30 0.527184521287 0.345615163134 30 0.525600663742 0.335081853555 36000
2 30 0.46851791148 0.237418556041 30 0.50696147262 0.310427685623 54000
2 30 0.479595201515 0.269302948629 30 0.494137955326 0.264791207772 36000
2 30 0.47656498559 0.256425718331 30 0.506017962631 0.267417244935 54000
2 30 0.472925491499 0.274732127194 30 0.49267127721 0.27122901696 36000
2 30 0.474330551606 0.268692028765 30 0.505969843572 0.30651688058 36000
2 30 0.467249344287 0.243590460662 30 0.510377344085 0.310741565648 54000
2 30 0.47874733655 0.244231166395 30 0.504481746336 0.290261272345 36000
2 30 0.534274729596 0.354244093126 30 0.514274900749 0.244164910531 36000
2 30 0.471929429793 0.272943485644 30 0.504887436796 0.297093096798 54000
2 30 0.515937725912 0.328283574061 30 0.512921037853 0.301010638434 36000
2 30 0.519267404072 0.33790618023 30 0.520912945098 0.32384680533 36000
2 30 0.402440435227 0.171990316198 30 0.499588857264 0.289232293061 54000
2 30 0.475682796894 0.272447354746 30 0.511197492946 0.298856903988 54000
2 30 0.512592483959 0.315870499389 30 0.508431443219 0.271995759808 36000
2 30 0.523359954932 0.335334790642 30 0.511482905896 0.309981097489 36000
2 30 0.512733252516 0.315312390093 30 0.511498050378 0.315787529615 36000
2 30 0.512238145944 0.318777176599 30 0.50054471136 0.301120213371 36000